Pomiary dla macierzy 100x100 przy pracy 2 w¹tków
1 w¹tek		Threads		Parallel
0,0085195   0,0070924   0,015448   
0,0121306   0,0089300   0,0194061   
0,0120386   0,0093672   0,0204107   
0,0156524   0,0137024   0,0257961   
0,0125328   0,0080228   0,0201284   
0,0123530   0,0092419   0,0224397   
0,0120612   0,0096896   0,0218311   
0,0126997   0,0091347   0,0224863   
0,0146092   0,0089485   0,0194814   
0,0178643   0,0120459   0,0301382   
0,0119952   0,0089254   0,0196045   


Pomiary dla macierzy 100x100 przy pracy 5 w¹tków
0,0123024   0,0074205   0,0191200   
0,0120959   0,0077518   0,0194964   
0,0155573   0,0083937   0,0249171   
0,0122759   0,0071027   0,0192300 
0,0120724   0,0076036   0,0187020   
0,0135503   0,0080261   0,0223422   
0,0151841   0,0084549   0,0243347   
0,0121835   0,0079584   0,0187188   
0,0120875   0,0068922   0,0179860   
0,0123534   0,0074846   0,0181964   
0,0089894   0,0087618   0,0322944   


Pomiary dla macierzy 100x100 przy pracy 10 w¹tków
0,0125642   0,0085972   0,0196022   
0,0120179   0,0063450   0,0174493   
0,0126195   0,0086083   0,0226701   
0,0121481   0,0076343   0,0201332   
0,0128223   0,0078583   0,0256789   
0,0122437   0,0074358   0,0192854   
0,0124657   0,0061933   0,0173612   
0,0121917   0,0078069   0,0176857   
0,0121807   0,0083386   0,0206923   
0,0123583   0,0083523   0,0193777   
0,0121103   0,0066417   0,0178812   
0,0171270   0,0077649   0,0190553  


Pomiary dla macierzy 1000x1000 przy pracy 2 w¹tków
11,8798078   5,7656421   5,4014091   
12,5368338   5,2419806   5,1536650
11,4156115   5,3120391   5,1582157   
7E-07   6,0368315   5,6031477   
1,9E-06   7,3142662   5,7004806   
1,1E-06   7,3827604   5,405985   
1,4E-06   7,2734331   5,5110109   
1,1E-06   7,0775151   5,5399126   


Pomiary dla macierzy 1000x1000 przy pracy 5 w¹tków
1E-06   3,8775593   3,6335729   
1E-06   3,9536671   2,7781318   
8E-07   3,6887513   2,881695   
1,1E-06   4,2432666   2,9019094   
1,1E-06   4,1138642   2,8385906   
1,1E-06   3,6905822   2,7331067   
9E-07   3,647359   2,9842322   
1E-06   3,5829507   2,6962936   
1E-06   4,3861186   2,8749119   


Pomiary dla macierzy 1000x1000 przy pracy 10 w¹tków
9E-07   2,4487254   1,7663301   
1E-06   2,2194465   1,6714261   
1E-06   2,6310387   2,2668047   
1,1E-06   2,559669   1,9779562   
1E-06   2,6371605   1,8594444   
1E-06   2,7040903   2,320492   
1E-06   2,5786638   2,3709723   
1,1E-06   2,6324339   2,340902   
1E-06   2,5983342   2,334734   


Pomiary dla macierzy 1000x1000 przy pracy 15 w¹tków
1E-06   2,5111964   2,0432691   
1,2E-06   2,6161326   2,5800574   
1E-06   2,4850568   2,5204727   
1,2E-06   2,4084066   2,3593919   
1,1E-06   2,6017474   2,7002182   
1,1E-06   2,5624175   2,7670386   
9E-07   2,4199743   2,4145858   
9E-07   2,4028711   2,5893337   
1,1E-06   2,6056436   2,3882005   
1,8E-06   2,6602804   2,707865   


Pomiary dla macierzy 2000x2000 przy pracy 2 w¹tków
1,3E-06   48,666852   46,1236026   
1,4E-06   49,5699507   47,446417   


Pomiary dla macierzy 2000x2000 przy pracy 5 w¹tków
1,3E-06   26,3986321   26,528842   
1,1E-06   28,1657766   27,9074585   


Pomiary dla macierzy 2000x2000 przy pracy 10 w¹tków
1,1E-06   20,6732672   19,2171572   
1,5E-06   18,6573108   16,0669431   
9E-07   19,0653554   19,7096548   